6 5.70928255 4.96404466 0.00027464 0.00041465
7 5.25292609 5.53656921 0.00011889 0.00035386
8 3.69987701 4.46642332 0.00011533 0.00021172
9 2.31446307 3.374987 0.00011799 0.00012106
10 0.48179893 4.3959718 0.00010721 0.00018453
11 3.15071999 2.38294871 0.00012614 0.00013848
12 4.06328771 0.94429372 6.143e-05 0.00013376
13 2.68034388 0.26835185 9.939e-05 9.516e-05
14 0.94828519 0.75601306 0.00016941 0.0001512
15 3.76290153 -2.03091517 0.00011487 0.00017474
16 1.6983677 -2.08966931 0.00012742 0.00014707
17 0.03596156 -2.84396626 8.695e-05 0.0001075
18 0.94291375 -5.43445742 0.00020354 0.00053328
19 2.59017016 -5.52265035 4.964e-05 0.00022974
20 2.09939861 -3.91527208 8.644e-05 0.00012267
